1.000000000000000000e+00 -2.449293598294706414e-16
1.002260738507912530e+00 1.418947502315683236e-02
1.004531722054380571e+00 2.835157125875929773e-02
1.006813020439061290e+00 4.239298424055273906e-02
1.009104704097116834e+00 5.621848218055285756e-02
1.011406844106463865e+00 6.973118959984719867e-02
1.013719512195121908e+00 8.283288902108561225e-02
1.016042780748662944e+00 9.542434037841562855e-02
1.018376722817764035e+00 1.074056177009335422e-01
1.020721412125863425e+00 1.186764625214575541e-01
1.023076923076922995e+00 1.291366533538097772e-01
1.025443330763299965e+00 1.386863904689689675e-01
1.027820710973724960e+00 1.472266950838042598e-01
1.030209140201394202e+00 1.546598219559466580e-01
1.032608695652173836e+00 1.608896842549933648e-01
1.035019455252918386e+00 1.658222894542143444e-01
1.037441497659906453e+00 1.693661848586707763e-01
1.039874902267396317e+00 1.714329112556985113e-01
1.042319749216300773e+00 1.719374630426736550e-01
1.044776119402984982e+00 1.707987530555228894e-01
1.047244094488188892e+00 1.679400801902674045e-01
1.049723756906077332e+00 1.632895977797801379e-01
1.052215189873417778e+00 1.567807805597378756e-01
1.054718477398889798e+00 1.483528879323586236e-01
1.057233704292527721e+00 1.379514211148776259e-01
1.059760956175298752e+00 1.255285716428841680e-01
1.062300319488817868e+00 1.110436585876676263e-01
1.064851881505204156e+00 9.446355174274545519e-02
1.067415730337078594e+00 7.576307793899850207e-02
1.069991954947707269e+00 5.492540756150826597e-02
1.072580645161290258e+00 3.194241826563326558e-02
1.075181891673403278e+00 6.815032826288536238e-03
1.077795786061588323e+00 -2.044647199552818151e-02
1.080422420796100624e+00 -4.982218872024674061e-02
1.083061889250814369e+00 -8.128233772139970004e-02
1.085714285714285632e+00 -1.147870642726965262e-01
1.088379705400981834e+00 -1.502862772238347522e-01
1.091058244462674409e+00 -1.877195324195332637e-01
1.093750000000000000e+00 -2.270159639156497655e-01
1.096455070074196181e+00 -2.680942659619156010e-01
1.099173553719008156e+00 -3.108627286116242283e-01
1.101905550952775314e+00 -3.552193296834055825e-01
1.104651162790697638e+00 -4.010518856373479490e-01
1.107410491257285523e+00 -4.482382637364200617e-01
1.110183639398998334e+00 -4.966466576431683988e-01
1.112970711297071036e+00 -5.461359283500375472e-01
1.115771812080536884e+00 -5.965560120588159210e-01
1.118587047939444856e+00 -6.477483963097752095e-01
1.121416526138279801e+00 -6.995466653138410207e-01
1.124260355029585767e+00 -7.517771150612529985e-01
1.127118644067796494e+00 -8.042594383677275083e-01
1.129991503823279508e+00 -8.568074795744795580e-01
1.132879045996592948e+00 -9.092300581418736316e-01
1.135781383432963310e+00 -9.613318598693929573e-01
1.138698630136986356e+00 -1.012914393937562663e+00
1.141630901287553623e+00 -1.063777013402576577e+00
1.144578313253012070e+00 -1.113717996183366088e+00
1.147540983606557319e+00 -1.162535682966026496e+00
1.150519031141868487e+00 -1.210029667814917165e+00
1.153512575888985259e+00 -1.256002036626215457e+00
1.156521739130434767e+00 -1.300258647892453379e+00
1.159546643417611156e+00 -1.342610449569280551e+00
1.162587412587412494e+00 -1.382874825153383114e+00
1.165644171779141036e+00 -1.420876961398223060e+00
1.168717047451669488e+00 -1.456451229417649484e+00
1.171806167400881060e+00 -1.489442570262923038e+00
1.174911660777385070e+00 -1.519707875412589226e+00
1.178033658104517212e+00 -1.547117351994568235e+00
1.181172291296625154e+00 -1.571555861973071622e+00
1.184327693677649229e+00 -1.592924223987964183e+00
1.187500000000000000e+00 -1.611140466039203911e+00
1.190689346463742027e+00 -1.626141016773187120e+00
1.193895870736086273e+00 -1.637881822760228756e+00
1.197119711971196931e+00 -1.646339378862738068e+00
1.200361010830324870e+00 -1.651511658591490184e+00
1.203619909502262386e+00 -1.653418931242616630e+00
1.206896551724137900e+00 -1.652104452610541951e+00
1.210191082802547724e+00 -1.647635016191710156e+00
1.213503649635036430e+00 -1.640101352040385319e+00
1.216834400731930499e+00 -1.629618360820288103e+00
1.220183486238532122e+00 -1.616325171123318416e+00
1.223551057957681820e+00 -1.600385008807342579e+00
1.226937269372693651e+00 -1.581984867946637063e+00
1.230342275670675223e+00 -1.561334973997571929e+00
1.233766233766233844e+00 -1.538668030964239986e+00
1.237209302325581239e+00 -1.514238245707933750e+00
1.240671641791044832e+00 -1.488320124083686302e+00
1.244153414405986702e+00 -1.461207035307471980e+00
1.247654784240149972e+00 -1.433209542858060681e+00
1.251175917215427980e+00 -1.404653502295518663e+00
1.254716981132075304e+00 -1.375877928627981195e+00
1.258278145695364225e+00 -1.347232638272394256e+00
1.261859582542694591e+00 -1.319075673222570577e+00
1.265461465271170205e+00 -1.291770517745682856e+00
1.269083969465648831e+00 -1.265683120759834690e+00
1.272727272727272707e+00 -1.241178739980718149e+00
1.276391554702495101e+00 -1.218618626941198713e+00
1.280076997112608250e+00 -1.198356575057665019e+00
1.283783783783783772e+00 -1.180735356010516712e+00
1.287512100677637772e+00 -1.166083072789501962e+00
1.291262135922329968e+00 -1.154709460790449782e+00
1.295034079844206376e+00 -1.146902171297111028e+00
1.298828125000000000e+00 -1.142923074496088098e+00
1.302644466209598395e+00 -1.143004621806778864e+00
1.306483300589390995e+00 -1.147346309711259060e+00
1.310344827586206851e+00 -1.156111289388219054e+00
1.314229249011857670e+00 -1.169423168235270705e+00
1.318136769078295467e+00 -1.187363050748348803e+00
1.322067594433399496e+00 -1.209966867157815429e+00
1.326021934197407770e+00 -1.237223038640233419e+00
1.329999999999999849e+00 -1.269070527774875723e+00
1.334002006018054187e+00 -1.305397322139176142e+00
1.338028169014084501e+00 -1.346039397483409727e+00
1.342078708375378238e+00 -1.390780204742494641e+00
1.346153846153846034e+00 -1.439350722186019560e+00
1.350253807106599035e+00 -1.491430110238160633e+00
1.354378818737270729e+00 -1.546647001884710715e+00
1.358529111338100170e+00 -1.604581456103007175e+00
1.362704918032786816e+00 -1.664767595389435861e+00
1.366906474820143824e+00 -1.726696941218960113e+00
1.371134020618556715e+00 -1.789822453164301219e+00
1.375387797311272031e+00 -1.853563268458405355e+00
1.379668049792531104e+00 -1.917310129047152589e+00
1.383975026014568233e+00 -1.980431472713007901e+00
1.388308977035490610e+00 -2.042280153737237036e+00
1.392670157068062853e+00 -2.102200746910165119e+00
1.397058823529411686e+00 -2.159537376620606963e+00
1.401475237091675430e+00 -2.213642000401902621e+00
1.405919661733615156e+00 -2.263883063851196198e+00
1.410392364793213060e+00 -2.309654431460854696e+00
1.414893617021276695e+00 -2.350384485817150981e+00
1.419423692636072598e+00 -2.385545276064338083e+00
1.423982869379015082e+00 -2.414661585752599926e+00
1.428571428571428381e+00 -2.437319780454557439e+00
1.433189655172413701e+00 -2.453176287128778554e+00
1.437837837837837807e+00 -2.461965550422978932e+00
1.442516268980477134e+00 -2.463507306243359452e+00
1.447225244831338298e+00 -2.457713010269828136e+00
1.451965065502183405e+00 -2.444591258965908676e+00
1.456736035049287947e+00 -2.424252043301504678e+00
1.461538461538461453e+00 -2.396909681142937565e+00
1.466372657111356226e+00 -2.362884283307852051e+00
1.471238938053097245e+00 -2.322601620837839498e+00
1.476137624861265207e+00 -2.276591277269490732e+00
1.481069042316258466e+00 -2.225482989692516789e+00
1.486033519553072502e+00 -2.170001106213874209e+00
1.491031390134529122e+00 -2.110957115069846513e+00
1.496062992125984259e+00 -2.049240231928932676e+00
1.501128668171557434e+00 -1.985806066700439576e+00
1.506228765571913986e+00 -1.921663429098747988e+00
1.511363636363636465e+00 -1.857859372893268413e+00
1.516533637400228063e+00 -1.795462621667296643e+00
1.521739130434782705e+00 -1.735545563363361410e+00
1.526980482204362888e+00 -1.679165046135711714e+00
1.532258064516129004e+00 -1.627342253169232311e+00
1.537572254335260125e+00 -1.581041978149784422e+00
1.542923433874709760e+00 -1.541151664866134086e+00
1.548311990686845219e+00 -1.508460612774425780e+00
1.553738317757009435e+00 -1.483639783969085801e+00
1.559202813599062099e+00 -1.467222674524964576e+00
1.564705882352941169e+00 -1.459587733219014805e+00
1.570247933884297620e+00 -1.460942821816983539e+00
1.575829383886255819e+00 -1.471312212068193404e+00
1.581450653983353050e+00 -1.490526604011930045e+00
1.587112171837708807e+00 -1.518216627006877317e+00
1.592814371257484929e+00 -1.553810248067890587e+00
1.598557692307692291e+00 -1.596534460875644434e+00
1.604342581423402025e+00 -1.645421562740331689e+00
1.610169491525423435e+00 -1.699320245715652211e+00
1.616038882138517652e+00 -1.756911632234832377e+00
1.621951219512195008e+00 -1.816730275785940707e+00
1.627906976744186052e+00 -1.877190024468771146e+00
1.633906633906633932e+00 -1.936614511527134486e+00
1.639950678175092547e+00 -1.993271894449778703e+00
1.646039603960395947e+00 -2.045413315889656136e+00
1.652173913043478048e+00 -2.091314408967775762e+00
1.658354114713217031e+00 -2.129319020583339661e+00
1.664580725907384151e+00 -2.157884183761469288e+00
1.670854271356783993e+00 -2.175625238922542337e+00
1.677175283732660560e+00 -2.181359889722489953e+00
1.683544303797468000e+00 -2.174149887521767521e+00
1.689961880559085028e+00 -2.153338975430171498e+00
1.696428571428571175e+00 -2.118585694009433418e+00
1.702944942381562132e+00 -2.069889661572091644e+00
1.709511568123393221e+00 -2.007609997542431746e+00
1.716129032258064457e+00 -1.932474661700046781e+00
1.722797927461140022e+00 -1.845579638391604327e+00
1.729518855656696719e+00 -1.748377104687216521e+00
1.736292428198433324e+00 -1.642651985031734263e+00
1.743119266055045857e+00 -1.530486610314377494e+00
1.749999999999999556e+00 -1.414213562373105804e+00
1.756935270805812355e+00 -1.296357189275507693e+00
1.763925729442970880e+00 -1.179564713224065864e+00
1.770972037283621514e+00 -1.066528309929185792e+00
1.778074866310160207e+00 -9.599000014715334261e-01
1.785234899328858926e+00 -8.622016572452183558e-01
1.792452830188679069e+00 -7.757328205393712039e-01
1.799729364005412391e+00 -7.024794508925618075e-01
1.807065217391304213e+00 -6.440269725524950806e-01
1.814461118690313679e+00 -6.014812247447871574e-01
1.821917808219178259e+00 -5.754009980093357512e-01
1.829436038514443030e+00 -5.657457921369011267e-01
1.837016574585635054e+00 -5.718422275006213029e-01
1.844660194174756906e+00 -5.923721691392733746e-01
1.852367688022284131e+00 -6.253850735358224000e-01
1.860139860139859991e+00 -6.683363401567168349e-01
1.867977528089887596e+00 -7.181525500734029510e-01
1.875881523272214579e+00 -7.713234182139675488e-01
1.883852691218130149e+00 -8.240190999637142522e-01
1.891891891891891886e+00 -8.722302136061113043e-01
1.899999999999999689e+00 -9.119266148961300278e-01
1.908177905308464428e+00 -9.392296465993881238e-01
1.916426512968299800e+00 -9.505913509607577527e-01
1.924746743849493402e+00 -9.429730508743248141e-01
1.933139534883720811e+00 -9.140148546388047190e-01
1.941605839416058688e+00 -8.621870992409379486e-01
1.950146627565982227e+00 -7.869145944547313309e-01
1.958762886597937847e+00 -6.886648326927800046e-01
1.967455621301775093e+00 -5.689921416149004152e-01
1.976225854383357738e+00 -4.305311123090579950e-01
1.985074626865671821e+00 -2.769345440240027489e-01
1.994002998500749912e+00 -1.127535843209490074e-01
2.003012048192770678e+00 5.673934746068438895e-02
2.012102874432677879e+00 2.257809832518806181e-01
2.021276595744680993e+00 3.883935887862030034e-01
2.030534351145037775e+00 5.386963455930285916e-01
2.039877300613496924e+00 6.712373575893172406e-01
2.049306625577812291e+00 7.813288935114008904e-01
2.058823529411764497e+00 8.653661237806560269e-01
2.068429237947122967e+00 9.211081821188985552e-01
2.078125000000000000e+00 9.479001260621711111e-01
2.087912087912087600e+00 9.468154976984290983e-01
2.097791798107255357e+00 9.207018480873407906e-01
2.107765451664024958e+00 8.741158541701656848e-01
2.117834394904458239e+00 8.131404878891017596e-01
2.128000000000000114e+00 7.450839309104374530e-01
2.138263665594855034e+00 6.780682634112551455e-01
2.148626817447495618e+00 6.205249468839475480e-01
2.159090909090909172e+00 5.806231862629845919e-01
2.169657422512234479e+00 5.656656949355132191e-01
2.180327868852458995e+00 5.814934121964420166e-01
2.191103789126853219e+00 6.319455168375929244e-01
2.201986754966887005e+00 7.184228535224902457e-01
2.212978369384359212e+00 8.396009588793529321e-01
2.224080267558528501e+00 9.913327540773768654e-01
2.235294117647058432e+00 1.166770454199530294e+00
2.246621621621621490e+00 1.356721490172659639e+00
2.258064516129032473e+00 1.550234834502572712e+00
2.269624573378839383e+00 1.735393124227524231e+00
2.281303602058319058e+00 1.900263908140055413e+00
2.293103448275862100e+00 2.033942153634297423e+00
2.305025996533795141e+00 2.127598085994657939e+00
2.317073170731707155e+00 2.175431897143736748e+00
2.329246935201401136e+00 2.175432165779064952e+00
2.341549295774647543e+00 2.129839931764599736e+00
2.353982300884955858e+00 2.045236557313193870e+00
2.366548042704625932e+00 1.932201111962539963e+00
2.379248658318425580e+00 1.804521130595807765e+00
2.392086330935252025e+00 1.677986889277159666e+00
2.405063291139240000e+00 1.568850025268320181e+00
2.418181818181817988e+00 1.492077243905008288e+00
2.431444241316270460e+00 1.459572827095809711e+00
2.444852941176470118e+00 1.478573030091389295e+00
2.458410351201478772e+00 1.550424855170282612e+00
2.472118959107806546e+00 1.669945969611396297e+00
2.485981308411214563e+00 1.825518764703622399e+00
2.500000000000000000e+00 1.999999999999998668e+00
2.514177693761814769e+00 2.172432365037725521e+00
2.528517110266159218e+00 2.320434174246923220e+00
2.543021032504780177e+00 2.423030993957654200e+00
2.557692307692307931e+00 2.463594250943314190e+00
2.572533849129593264e+00 2.432484361853620491e+00
2.587548638132295853e+00 2.328976435469549244e+00
2.602739726027397449e+00 2.162088184105312116e+00
2.618110236220472231e+00 1.950038497397835080e+00
2.633663366336633782e+00 1.718237589468991411e+00
2.649402390438247323e+00 1.495930428176616811e+00
2.665330661322645067e+00 1.311856890093512806e+00
2.681451612903225978e+00 1.189517002518577948e+00
2.697768762677484222e+00 1.142793874350176431e+00
2.714285714285713969e+00 1.172747223702041985e+00
2.731006160164271002e+00 1.266312733957523529e+00
2.747933884297520279e+00 1.397411307543165115e+00
2.765072765072764671e+00 1.530598984217840908e+00
2.782426778242677923e+00 1.626916159982325638e+00
2.799999999999999378e+00 1.651098762732523761e+00
2.817796610169491345e+00 1.578893372104848591e+00
2.835820895522388252e+00 1.402980879472861986e+00
2.854077253218883836e+00 1.136053646038422960e+00
2.872570194384449049e+00 8.099640862599185587e-01
2.891304347826086918e+00 4.705586794188539868e-01
2.910284463894966756e+00 1.687402766588997904e-01
2.929515418502202539e+00 -5.070881931140325261e-02
2.949002217294899975e+00 -1.601935006220218671e-01
2.968749999999999556e+00 -1.575191099341541057e-01
2.988764044943819975e+00 -6.874313047654363740e-02
3.009049773755656076e+00 5.589108964172375543e-02
3.029612756264236317e+00 1.529158943256353764e-01
3.050458715596330084e+00 1.615625969699496789e-01
3.071593533487297911e+00 4.094617935427796729e-02
3.093023255813953210e+00 -2.162464618514737258e-01
3.114754098360655643e+00 -5.781686129775736038e-01
3.136792452830188704e+00 -9.793085084577356492e-01
3.159144893111638819e+00 -1.337114346770099660e+00
3.181818181818182101e+00 -1.576192355851663951e+00
3.204819277108433617e+00 -1.653308016994382790e+00
3.228155339805824919e+00 -1.574831653953637112e+00
3.251833740831295838e+00 -1.399301835705256680e+00
3.275862068965517349e+00 -1.221737002658390470e+00
3.300248138957816657e+00 -1.142467331509700035e+00
3.325000000000000178e+00 -1.229752070560607757e+00
3.350125944584382065e+00 -1.489761414587030375e+00
3.375634517766497478e+00 -1.857254319832407852e+00
3.401534526854219642e+00 -2.214341215026989218e+00
3.427835051546391121e+00 -2.434142526606827062e+00
3.454545454545454586e+00 -2.434458881439123701e+00
3.481675392670156466e+00 -2.218906154242247464e+00
3.509234828496041736e+00 -1.884149175852062319e+00
3.537234042553191848e+00 -1.583797606086164045e+00
3.565683646112600691e+00 -1.459169733644209543e+00
3.594594594594594295e+00 -1.566364034989725207e+00
3.623978201634877827e+00 -1.837367539430014407e+00
3.653846153846154188e+00 -2.102473380426819194e+00
3.684210526315788936e+00 -2.172625203028393237e+00
3.715083798882681698e+00 -1.945116084898172559e+00
3.746478873239436957e+00 -1.473960724226996089e+00
3.778409090909090828e+00 -9.551036900766833870e-01
3.810888252148997513e+00 -6.199565655044818602e-01
3.843930635838149978e+00 -5.898477041940634047e-01
3.877551020408162685e+00 -7.825691197490993734e-01
3.911764705882353699e+00 -9.463345937842860822e-01
3.946587537091988285e+00 -8.210432605791679883e-01
3.982035928143711878e+00 -3.309634109663467383e-01
4.018126888217522286e+00 3.338239408776870198e-01
4.054878048780487632e+00 8.339575030903813024e-01
4.092307692307691980e+00 9.380256900962664623e-01
4.130434782608695343e+00 7.287188551443620765e-01
4.169278996865203091e+00 5.656991588239053126e-01
4.208860759493671111e+00 7.904894517312180957e-01
4.249201277955271472e+00 1.400624122195976096e+00
4.290322580645161032e+00 2.005873602622768814e+00
4.332247557003257477e+00 2.168302445308903259e+00
4.375000000000000000e+00 1.847759065022576808e+00
4.418604651162790553e+00 1.490296319673592773e+00
4.463087248322147538e+00 1.586440232409864759e+00
4.508474576271185974e+00 2.104982534061709210e+00
4.554794520547944536e+00 2.461093448647925008e+00
4.602076124567473947e+00 2.170437062693423957e+00
4.650349650349649977e+00 1.483578672900287110e+00
4.699646643109540278e+00 1.142456345062612399e+00
4.750000000000000000e+00 1.414213562373091371e+00
4.801444043321299482e+00 1.649039494331048461e+00
4.854014598540145720e+00 1.137087312995163524e+00
4.907749077490774603e+00 2.049297554609883498e-01
4.962686567164179330e+00 -1.692153653569499483e-01
5.018867924528301216e+00 1.098333629094238179e-01
5.076335877862595325e+00 -4.974513125196033947e-03
5.135135135135135087e+00 -9.497915271805498216e-01
5.195312500000000000e+00 -1.642009023037305671e+00
5.256916996047429791e+00 -1.358124276396680541e+00
5.319999999999999396e+00 -1.197512225639680850e+00
5.384615384615384137e+00 -1.989690317514596796e+00
5.450819672131147264e+00 -2.448420406573985186e+00
5.518672199170124415e+00 -1.770436236449531853e+00
5.588235294117646745e+00 -1.524642672705514013e+00
5.659574468085105892e+00 -2.135725954687007100e+00
5.732758620689654805e+00 -1.698648025904690773e+00
5.807860262008733621e+00 -6.386564341803429024e-01
5.884955752212388980e+00 -8.310160516569927713e-01
5.964125560538115600e+00 -6.170962486341670106e-01
6.045454545454545858e+00 7.394456742238296743e-01
6.129032258064516014e+00 7.381275492329266719e-01
6.214953271028036852e+00 8.646254998939695291e-01
6.303317535545023276e+00 2.116942170407030588e+00
6.394230769230769162e+00 1.658238044047398052e+00
6.487804878048780033e+00 1.847672062804020410e+00
6.584158415841583789e+00 2.358239239827454092e+00
6.683417085427135973e+00 1.179684614464427961e+00
6.785714285714284699e+00 1.637895344951479704e+00
6.891191709844560087e+00 4.725245631440608274e-01
7.000000000000000000e+00 -1.714505518806294441e-15
7.112299465240640828e+00 -5.341486770514902727e-01
7.228260869565216851e+00 -1.574199332653666961e+00
7.348066298342540215e+00 -1.463267618556664651e+00
7.471910112359550382e+00 -2.316605902291448249e+00
7.599999999999998757e+00 -1.608220406444058836e+00
7.732558139534883246e+00 -1.701772714925476215e+00
7.869822485207100371e+00 -7.304401703947269731e-01
8.012048192771082711e+00 2.247819089586444441e-01
8.159509202453987697e+00 5.795078022085053959e-01
8.312500000000000000e+00 2.162939224605089805e+00
8.471337579617832958e+00 1.662067666522705656e+00
8.636363636363636687e+00 1.678397712288323795e+00
8.807947019867549798e+00 1.631542102053744170e+00
8.986486486486485958e+00 -8.168749097873743981e-02
9.172413793103448398e+00 -1.495596074262432129e+00
9.366197183098590173e+00 -1.716169858662026426e+00
9.568345323741008102e+00 -1.459460965381476072e+00
9.779411764705882248e+00 -9.408457894806585564e-01
1.000000000000000000e+01 -7.347880794884119933e-15
